#parameters:
#H = 2
#R = 2
#a = 1
#L = 10
#theta = 0
#x max/min = 15 5
#err = 0.01
#sum = 100000
#data:
0
0
0
0
0
0
0
0
0
0
0
0
0
0
0
0
0
0
0
0
0
0
0
0
0
0
0
0
0
0
0
0
0
0
0
0
0
0
0
0
0
0
0
0
0
0
0
0
0
0
0
0
0
0
0
0
0
0
0
0
0
0
0
0
0
0
0
0
0
0
0
0
0
0
0
0
0
0
0
0
0
0
0
0
0
0
0
0
0
0
0
0
0
0
0
0
0
0
0
0
0
0
0
0
0
0
0
0
0
0
0
0
0
0
0
0
0
0
0
0
0
0
0
0
0
0
0
0
0
0
0
0
0
0
0
0
0
0
0
0
0
0
0
0
0
0
0
0
0
0
0
0
0
0
0
0
0
0
0
0
0
0
0
0
0
0
0
0
0
0
0
0
0
0
0
0
0
0
0
0
0
0
0
0
0
0
0
0
0
0
0
0
0
0
0
0
0
0
0
0
0
0
0
0
0
0
0
0
0
0
0
0
0
0
0
0
0
0
0
0
0
0
0
0
0
0
0
0
0
0
0
0
0
0
0
0
0
0
0
0
0
0
0
0
0
0
0
0
0
0
0
0
0
0
1
1
2
2
4
3
2
5
10
6
8
5
12
4
15
11
14
14
12
5
18
16
28
28
21
25
21
29
31
24
35
37
35
42
38
45
59
36
42
55
40
50
39
62
46
60
54
55
53
63
61
64
71
89
85
73
75
72
76
67
98
79
108
93
101
87
85
101
96
105
121
119
120
112
117
120
129
136
124
102
141
157
130
131
144
146
157
147
164
146
146
159
142
160
154
176
144
187
180
198
167
202
176
181
175
190
221
198
178
206
184
219
195
210
217
191
198
223
230
224
217
221
214
211
206
227
259
209
210
250
222
219
243
224
247
247
267
244
220
242
247
241
233
251
226
231
256
253
238
293
259
260
246
271
274
272
264
285
253
291
280
274
261
274
257
294
254
271
286
280
264
257
263
279
313
272
289
313
283
306
240
301
317
290
278
335
282
291
322
282
287
317
272
346
295
309
283
291
318
328
305
290
294
304
311
306
272
284
278
313
280
290
306
331
351
309
291
331
308
323
312
320
312
275
278
301
343
302
296
330
284
317
327
308
340
284
306
306
311
334
363
263
319
298
279
338
320
313
327
323
333
339
303
329
305
298
306
297
328
300
314
344
305
323
299
328
328
324
315
312
297
318
304
262
314
312
314
282
338
323
317
342
309
309
303
315
305
298
300
328
280
336
300
285
303
319
287
330
341
319
348
291
317
278
295
348
322
325
313
337
310
331
293
280
314
303
309
331
304
335
299
316
305
293
311
299
305
282
299
312
278
301
311
290
290
289
299
298
273
271
324
307
313
309
274
292
269
275
268
299
263
283
296
278
267
267
272
292
298
285
297
277
264
242
259
276
232
273
266
270
258
252
284
266
264
266
253
259
238
230
264
225
233
237
257
250
222
218
204
262
272
223
219
227
208
226
225
226
207
219
201
236
204
221
197
182
183
188
191
180
182
163
174
159
176
185
158
175
157
162
163
143
139
167
145
137
133
139
112
125
118
124
109
111
100
121
93
96
113
108
103
109
102
95
88
83
87
86
82
64
74
68
79
62
78
73
70
70
69
49
43
50
58
47
50
39
39
36
40
27
32
31
36
23
21
25
17
17
20
23
21
18
21
14
16
12
8
5
5
4
2
6
4
2
4
5
2
0
2
1
0
1
0
0
0
0
0
0
0
0
0
0
0
0
0
0
0
0
0
0
0
0
0
0
0
0
0
0
0
0
0
0
0
0
0
0
0
0
0
0
0
0
0
0
0
0
0
0
0
0
0
0
0
0
0
0
0
0
0
0
0
0
0
0
0
0
0
0
0
0
0
0
0
0
0
0
0
0
0
0
0
0
0
0
0
0
0
0
0
0
0
0
0
0
0
0
0
0
0
0
0
0
0
0
0
0
0
0
0
0
0
0
0
0
0
0
0
0
0
0
0
0
0
0
0
0
0
0
0
0
0
0
0
0
0
0
0
0
0
0
0
0
0
0
0
0
0
0
0
0
0
0
0
0
0
0
0
0
0
0
0
0
0
0
0
0
0
0
0
0
0
0
0
0
0
0
0
0
0
0
0
0
0
0
0
0
0
0
0
0
0
0
0
0
0
0
0
0
0
0
0
0
0
0
0
0
0
0
0
0
0
0
0
0
0
0
0
0
0
0
0
0
0
0
0
0
0
0
0
0
0
0
0
0
0
0
0
0
0
0
0
0
0
0
0
0
