parameters:
H = 10
R = 10
a = 25
L = 65
theta = 0
x max/min = 140 10
err = 1
data:
1583512252
5
0
0
0
0
0
0
0
0
0
0
0
0
0
0
0
2
93
444
1092
2097
3476
5353
7691
10529
14046
17887
22354
27687
33333
39661
46567
53175
61249
70100
78185
86582
94380
103090
111208
118113
124374
129542
135841
140191
143185
145339
146345
146986
146293
143933
140738
137371
132121
126345
119902
112444
105181
97266
89082
80959
72257
64210
56893
49477
42765
36072
30451
25177
20087
15959
11894
8726
6344
4108
2365
1000
304
72
7
0
0
0
0
0
0
0
0
0
0
0
0
0
0
0
0
0
0
0
0
0
0
0
0
0
0
0
0
0
0
0
0
0
0
0
0
0
0
0
0
0
0
0
0
0
0
0
0
0
