parameters:
H = 10
R = 10
a = 25
L = 75
theta = 0
x max/min = 140 10
err = 1
data:
1583512252
5
0
0
0
0
0
0
0
0
0
0
0
0
0
0
0
2
93
444
1092
2097
3476
5353
7691
10529
14046
17887
22354
27687
33333
39661
46567
53175
61249
70100
78185
86586
94540
103734
112812
120996
129076
136402
145373
153110
159580
166343
171803
177192
181682
184079
185892
187488
187283
186743
184244
180813
176699
171855
166651
159330
151801
144836
137238
129172
120205
111705
103871
95292
87354
79073
70445
62520
55375
48253
41495
34985
29383
24309
19414
15264
11329
8216
6006
3878
2165
838
205
44
2
0
0
0
0
0
0
0
0
0
0
0
0
0
0
0
0
0
0
0
0
0
0
0
0
0
0
0
0
0
0
0
0
0
0
0
0
0
0
0
