parameters:
H = 10
R = 10
a = 25
L = 80
theta = 0
x max/min = 140 10
err = 1
data:
1583512252
5
0
0
0
0
0
0
0
0
0
0
0
0
0
0
0
2
93
444
1092
2097
3476
5353
7691
10529
14046
17887
22354
27687
33333
39661
46567
53175
61249
70100
78185
86586
94540
103734
112812
120996
129076
136402
145373
153110
159580
166347
171988
177929
183522
187261
190977
194706
196652
198415
198280
197323
195799
193464
191047
186092
181198
176480
171363
165586
158149
150872
143881
136199
128156
119406
110683
103007
94515
86672
78262
69747
61841
54860
47783
40905
34487
28984
23980
19113
15017
11107
8043
5834
3778
2052
793
182
32
1
0
0
0
0
0
0
0
0
0
0
0
0
0
0
0
0
0
0
0
0
0
0
0
0
0
0
0
0
0
0
0
0
0
0
