parameters:
H = 10
R = 10
a = 25
L = 70
theta = 0
x max/min = 140 10
err = 1
data:
1583512252
5
0
0
0
0
0
0
0
0
0
0
0
0
0
0
0
2
93
444
1092
2097
3476
5353
7691
10529
14046
17887
22354
27687
33333
39661
46567
53175
61249
70100
78185
86586
94540
103734
112812
120996
129072
136230
144677
151395
156549
161420
164825
168083
170225
170364
169571
168704
165868
162598
157592
151646
145202
137997
130223
121571
112633
104766
96386
88234
79782
71378
63327
56044
48768
42194
35421
29889
24708
19680
15631
11605
8450
6129
4002
2235
937
238
59
3
0
0
0
0
0
0
0
0
0
0
0
0
0
0
0
0
0
0
0
0
0
0
0
0
0
0
0
0
0
0
0
0
0
0
0
0
0
0
0
0
0
0
0
0
