parameters:
H = 10
R = 10
a = 25
L = 55
theta = 0
x max/min = 140 10
err = 1
data:
1583512252
5
0
0
0
0
0
0
0
0
0
0
0
0
0
0
0
2
93
444
1092
2097
3476
5353
7691
10529
14046
17884
22230
27132
31953
37124
42440
46987
52534
58202
62694
66915
70212
74183
77288
79114
80437
80837
81500
80809
79413
77560
75384
72464
69085
65139
60938
56560
51343
46306
41539
35993
31143
26148
20985
16875
12728
9363
6807
4404
2716
1246
422
114
26
1
0
0
0
0
0
0
0
0
0
0
0
0
0
0
0
0
0
0
0
0
0
0
0
0
0
0
0
0
0
0
0
0
0
0
0
0
0
0
0
0
0
0
0
0
0
0
0
0
0
0
0
0
0
0
0
0
0
0
