parameters:
H = 10
R = 10
a = 25
L = 60
theta = 0
x max/min = 140 10
err = 1
data:
1583512252
5
0
0
0
0
0
0
0
0
0
0
0
0
0
0
0
2
93
444
1092
2097
3476
5353
7691
10529
14046
17887
22354
27687
33333
39661
46563
53034
60646
68615
75479
82131
87998
94581
100366
105007
108705
111435
114927
116707
117089
116725
115298
113349
110262
106215
101567
97415
91284
85258
79054
71863
64602
57583
50189
43631
36785
31049
25777
20509
16335
12311
9022
6537
4259
2515
1101
372
95
10
0
0
0
0
0
0
0
0
0
0
0
0
0
0
0
0
0
0
0
0
0
0
0
0
0
0
0
0
0
0
0
0
0
0
0
0
0
0
0
0
0
0
0
0
0
0
0
0
0
0
0
0
0
0
