parameters:
H = 10
R = 10
a = 25
L = 95
theta = 0
x max/min = 140 10
err = 1
data:
1583512252
5
0
0
0
0
0
0
0
0
0
0
0
0
0
0
0
2
93
444
1092
2097
3476
5353
7691
10529
14046
17887
22354
27687
33333
39661
46567
53175
61249
70100
78185
86586
94540
103734
112812
120996
129076
136402
145373
153110
159580
166347
171988
177929
183522
187261
190981
194909
197426
200342
201634
202565
203393
203994
204823
203801
203373
203592
203951
204166
203106
202975
202925
202496
201679
198914
196745
194755
191948
188960
183666
179153
174257
169242
163362
155784
148643
141541
134022
126340
116779
108994
100700
92839
85306
76247
68192
60130
53490
46697
39661
33574
27831
23189
18487
14351
10548
7604
5552
3474
1844
642
115
14
0
0
0
0
0
0
0
0
0
0
0
0
0
0
0
0
0
0
0
0
