parameters:
H = 10
R = 10
a = 25
L = 85
theta = 0
x max/min = 140 10
err = 1
data:
1583512252
5
0
0
0
0
0
0
0
0
0
0
0
0
0
0
0
2
93
444
1092
2097
3476
5353
7691
10529
14046
17887
22354
27687
33333
39661
46567
53175
61249
70100
78185
86586
94540
103734
112812
120996
129076
136402
145373
153110
159580
166347
171988
177929
183522
187261
190981
194909
197426
200342
201634
202559
203182
203167
202831
200307
197982
195809
193197
190125
185059
180438
175726
170502
164695
157324
149881
143105
135248
127507
118439
110014
102225
93875
86132
77535
69072
61242
54363
47379
40392
34225
28465
23680
18935
14759
10906
7868
5733
3654
1973
739
157
25
0
0
0
0
0
0
0
0
0
0
0
0
0
0
0
0
0
0
0
0
0
0
0
0
0
0
0
0
0
0
