parameters:
H = 10
R = 10
a = 25
L = 100
theta = 0
x max/min = 140 10
err = 1
data:
1583512252
5
0
0
0
0
0
0
0
0
0
0
0
0
0
0
0
2
93
444
1092
2097
3476
5353
7691
10529
14046
17887
22354
27687
33333
39661
46567
53175
61249
70100
78185
86586
94540
103734
112812
120996
129076
136402
145373
153110
159580
166347
171988
177929
183522
187261
190981
194909
197426
200342
201634
202565
203393
203994
204823
203801
203373
203592
203951
204166
203106
202981
203165
203400
203813
202653
202444
202546
202091
201272
198408
196443
194089
191601
188435
183176
178594
173596
168770
163101
154824
148314
140816
133507
125757
116290
108411
100240
92421
84814
75801
67727
59743
53152
46287
39424
33200
27600
23009
18291
14207
10411
7494
5441
3393
1801
598
108
8
0
0
0
0
0
0
0
0
0
0
0
0
0
0
0
