parameters:
H = 10
R = 10
a = 25
L = 90
theta = 0
x max/min = 140 10
err = 1
data:
1583512252
5
0
0
0
0
0
0
0
0
0
0
0
0
0
0
0
2
93
444
1092
2097
3476
5353
7691
10529
14046
17887
22354
27687
33333
39661
46567
53175
61249
70100
78185
86586
94540
103734
112812
120996
129076
136402
145373
153110
159580
166347
171988
177929
183522
187261
190981
194909
197426
200342
201634
202565
203393
203994
204823
203801
203367
203366
203084
202097
199486
197395
195281
192471
189499
184357
179588
175069
169690
164094
156512
149207
142292
134593
126776
117710
109336
101495
93321
85760
76701
68726
60546
53921
47049
39991
33923
28122
23384
18747
14533
10683
7763
5613
3564
1890
701
137
15
0
0
0
0
0
0
0
0
0
0
0
0
0
0
0
0
0
0
0
0
0
0
0
0
0
