parameters:
H = 10
R = 10
a = 25
L = 50
theta = 0
x max/min = 140 10
err = 1
data:
0
0
0
0
0
0
0
0
0
0
0
0
0
0
0
0
0
2
93
444
1092
2097
3473
5247
7179
9287
11711
14100
16558
19414
22070
24847
27701
29708
32717
35414
37329
38921
39998
41070
41578
41555
41392
40983
40487
39489
38008
36665
34452
32229
29985
27410
24724
22574
19594
16812
14374
11604
9088
6894
4620
2928
1386
512
145
39
1
0
0
0
0
0
0
0
0
0
0
0
0
0
0
0
0
0
0
0
0
0
0
0
0
0
0
0
0
0
0
0
0
0
0
0
0
0
0
0
0
0
0
0
0
0
0
0
0
0
0
0
0
0
0
0
0
0
0
0
0
0
0
0
