parameters:
H = 10
R = 10
a = 17
L = 50
theta = 0
x max/min = 80 20
err = 0.1
data:
-2143089888
32692
-2143089888
32692
0
0
0
0
0
0
0
0
0
0
0
0
0
0
0
0
0
0
0
0
0
0
0
0
0
0
0
0
0
0
0
0
0
0
0
0
0
0
0
0
0
0
0
0
0
0
0
0
0
0
0
0
0
0
0
0
0
0
0
0
0
0
0
0
0
0
0
0
0
0
0
0
0
0
0
0
0
0
0
0
0
0
0
0
0
0
0
0
0
0
0
0
0
0
0
0
0
0
0
0
0
0
0
0
0
0
0
0
0
0
0
0
0
1
3
7
6
12
16
18
28
40
61
71
93
88
123
134
191
214
247
297
345
405
431
460
591
651
741
747
856
924
1135
1223
1210
1367
1652
1736
1770
2001
2228
2304
2531
2762
2887
3198
3311
3614
3874
4145
4291
4686
5001
5210
5526
5861
6312
6571
6961
7279
7923
8131
8450
8966
9489
9917
10237
10770
11495
12004
12702
13009
13605
14502
14864
15502
16123
16884
17587
18518
19292
19973
21029
21890
22512
23981
24767
25865
26839
28148
29338
30221
31607
32959
34108
35674
36484
37865
39396
40664
41858
43184
44633
45819
47127
47960
49387
50687
51363
53049
53776
55493
56450
57450
58740
59695
60538
61823
62752
63464
64801
65793
66447
67756
68542
70020
70437
71876
72545
73275
74181
75234
75601
76471
77920
79093
79175
80100
80556
81424
82109
83087
83905
84355
84909
86184
86776
87333
87995
88915
89236
90478
90621
90761
92074
92143
93672
93986
93975
94833
95167
95144
96149
96655
96392
97153
98139
98046
98568
98479
99880
100262
99892
100706
101080
101088
100960
101944
101544
102738
102077
102264
102406
102909
103043
102661
102894
103396
103218
103881
103770
103494
103907
103842
103993
103665
103357
103610
103868
103714
103389
103723
103350
103640
103645
103048
102932
103392
102883
102948
102551
102404
102112
101814
101783
101856
101054
100564
100444
100022
98682
99064
98745
98146
97361
96783
96969
95786
95697
94906
94544
94024
93586
92431
91913
91302
90714
90439
89375
88116
88147
86773
85394
84856
85071
83064
83029
81707
80869
80302
79177
78068
76964
76525
75465
74261
73603
72659
71752
70669
69144
68169
66779
65546
64460
63357
62191
60643
59391
58460
56919
55613
54744
53257
51921
50513
49172
47833
46776
44831
43577
41993
40561
39360
37568
36090
34951
33602
31946
30810
29410
28221
26972
25878
25155
23813
22804
22059
21172
20314
19608
18764
17915
17249
16923
15846
15290
14861
14023
13680
12893
12408
12127
11308
10923
10428
10022
9555
9029
8712
8104
8014
7489
7141
6899
6395
6154
5795
5600
5223
4898
4715
4401
4145
3958
3695
3559
3288
3071
2867
2693
2559
2317
2224
1972
1919
1716
1643
1448
1326
1288
1117
1053
950
876
775
699
619
572
498
405
376
326
295
260
207
157
139
121
124
73
70
46
30
29
22
18
20
11
8
6
6
4
2
3
1
1
0
0
0
0
0
0
0
0
0
0
0
0
0
0
0
0
0
0
0
0
0
0
0
0
0
0
0
0
0
0
0
0
0
0
0
0
0
0
0
0
0
0
0
0
0
0
0
0
0
0
0
0
0
0
0
0
0
0
0
0
0
0
0
0
0
0
0
0
0
0
0
0
0
0
0
0
0
0
0
0
0
0
0
0
0
0
0
0
0
0
0
0
0
0
0
0
0
0
0
