parameters:
H = 10
R = 10
a = 5
L = 50
theta = 0
x max/min = 80 20
err = 0.1
data:
-2143089888
32692
-2143089888
32692
0
0
0
0
0
0
0
0
0
0
0
0
0
0
0
0
0
0
0
0
0
0
0
0
0
0
0
0
0
0
0
0
0
0
0
0
0
0
0
0
0
0
0
0
0
0
0
0
0
0
0
0
0
0
0
0
0
0
0
0
0
0
0
0
0
0
0
0
0
0
0
0
0
0
0
0
0
0
0
0
0
0
0
0
0
0
0
0
0
0
0
0
0
0
0
0
0
0
0
0
0
0
0
0
0
0
0
0
0
0
0
0
0
0
0
0
0
0
0
0
0
0
0
0
0
0
0
0
0
0
0
0
0
0
0
0
0
0
0
0
0
0
0
0
0
0
0
0
0
0
0
0
0
0
0
0
0
0
0
0
0
0
0
0
0
0
0
0
0
0
0
0
10
13
25
58
80
119
152
243
318
338
449
588
734
851
905
1183
1334
1608
1780
2041
2392
2650
3051
3478
3983
4369
4874
5421
6097
6416
7225
7970
8474
9021
9774
10273
11082
11631
12542
12891
13489
14061
14690
15241
15781
16292
16518
17094
17479
18020
18487
18881
19162
19624
20114
20378
20852
20933
21436
21791
21968
22401
22487
22821
23156
23804
23743
23804
24266
24668
24491
25159
25244
25440
25590
25956
26007
26262
26340
26722
26825
27084
27135
27451
27888
27749
27868
28042
28195
28421
28549
28573
29022
28941
29353
29727
29483
29767
29937
29767
30382
30015
30143
29985
30490
30434
30254
30361
30758
30928
30744
31212
31044
31185
31036
31474
31249
31426
31348
31327
31451
31510
31854
31764
31344
31852
31852
31932
32080
31935
32081
32231
31946
31923
31891
32053
31793
31759
31675
31734
31703
31932
31763
31889
31751
32154
31809
32023
31864
31782
31513
31264
31676
31665
31576
31498
31227
31422
30800
31113
30965
31158
30896
30339
30888
30612
30423
30021
30093
29827
29978
29550
29488
29340
29136
28740
28691
28302
28412
28005
27687
27752
27695
27097
27331
26826
26547
26549
25936
25745
25396
25372
25087
24533
24282
24340
23869
23306
23016
22770
22332
21847
21433
21018
20217
19573
19154
18769
18237
17766
17197
16721
16201
15105
14852
13798
13136
12463
11626
10791
10165
9415
8582
7841
7124
6482
5655
5097
4406
3839
3503
2908
2517
2218
1891
1604
1305
1141
944
807
652
495
399
343
214
164
110
96
51
20
19
2
3
1
0
0
0
0
0
0
0
0
0
0
0
0
0
0
0
0
0
0
0
0
0
0
0
0
0
0
0
0
0
0
0
0
0
0
0
0
0
0
0
0
0
0
0
0
0
0
0
0
0
0
0
0
0
0
0
0
0
0
0
0
0
0
0
0
0
0
0
0
0
0
0
0
0
0
0
0
0
0
0
0
0
0
0
0
0
0
0
0
0
0
0
0
0
0
0
0
0
0
0
0
0
0
0
0
0
0
0
0
0
0
0
0
0
0
0
0
0
0
0
0
0
0
0
0
0
0
0
0
0
0
0
0
0
0
0
0
0
0
0
0
0
0
0
0
0
0
0
0
0
0
0
0
0
0
0
0
0
0
0
0
0
0
0
0
0
0
0
0
0
0
