parameters:
H = 10
R = 10
a = 19
L = 50
theta = 0
x max/min = 80 20
err = 0.1
data:
-2143089888
32692
-2143089888
32692
0
0
0
0
0
0
0
0
0
0
0
0
0
0
0
0
0
0
0
0
0
0
0
0
0
0
0
0
0
0
0
0
0
0
0
0
0
0
0
0
0
0
0
0
0
0
0
0
0
0
0
0
0
0
0
0
0
0
0
0
0
0
0
0
0
0
0
0
0
0
0
0
0
0
0
0
0
0
0
0
0
0
0
0
0
0
0
0
0
0
0
0
0
0
0
0
0
0
0
0
0
0
0
0
2
6
3
8
11
15
23
24
39
50
58
89
88
103
124
155
164
190
271
287
313
358
425
464
533
584
662
743
785
908
977
992
1210
1295
1414
1507
1619
1716
2009
2180
2191
2350
2782
2834
2938
3221
3525
3585
3895
4110
4419
4761
4845
5278
5571
5873
6068
6542
6927
7201
7583
8025
8481
8801
9280
9601
10310
10522
10989
11571
12039
12645
13095
13655
14396
14901
15715
16078
16725
17618
18119
18889
19493
20213
21070
22076
22851
23658
24742
25759
26634
27990
28752
30009
31040
32469
33633
34698
36046
37494
38642
40374
41310
42679
44357
45520
46871
48240
49739
51139
52438
53265
54850
56264
57067
58785
59707
61333
62472
63531
64872
65931
66661
68046
69039
69899
71342
72367
72957
74527
75185
76799
77402
78768
79388
80430
81442
82405
82851
83958
85496
86545
86812
87623
88241
89133
90210
91038
91946
92485
93077
94446
95066
95691
96366
97082
97777
98926
99301
99419
100980
101072
102622
103115
103166
104060
104388
104394
105355
106094
105847
106658
107762
107578
108124
108344
109704
110119
109709
110638
111013
111034
111062
111981
111755
113092
112310
112639
112807
113321
113336
113126
113400
113858
113764
114261
114365
114245
114576
114575
114565
114420
114056
114207
114567
114352
114045
114421
113867
114036
114093
113581
113159
113751
113403
113246
112839
112802
112247
111889
112022
112043
111009
110556
110329
109940
108475
108870
108492
107774
106900
106264
106222
105083
105054
104203
103741
103225
102653
101611
100991
100382
99699
99406
98292
96997
96679
95398
94006
93285
93358
91539
91396
90012
88999
88424
87289
86189
84880
84424
83223
82035
81314
80359
79309
78175
76768
75454
74118
72755
71645
70379
69200
67784
66335
65373
63669
62226
61382
59762
58405
56933
55448
54197
52951
51060
49663
48125
46620
45197
43273
41799
40535
39186
37518
36281
34886
33489
32165
30921
30291
28893
27719
26969
26095
25111
24241
23321
22567
21631
21182
20091
19478
18849
18149
17636
16774
16315
15902
15088
14507
14041
13673
12978
12434
12172
11462
11185
10586
10163
9890
9261
8984
8604
8312
7817
7467
7179
6926
6561
6287
5865
5755
5367
5124
4810
4573
4448
4142
3987
3680
3512
3226
3249
2927
2770
2647
2379
2255
2126
2013
1854
1684
1552
1505
1352
1257
1141
1066
964
907
806
716
680
584
563
452
437
345
316
283
262
212
180
158
123
119
94
85
60
47
43
30
23
25
18
15
16
9
6
10
5
4
1
2
2
0
1
0
0
0
0
0
0
0
0
0
0
0
0
0
0
0
0
0
0
0
0
0
0
0
0
0
0
0
0
0
0
0
0
0
0
0
0
0
0
0
0
0
0
0
0
0
0
0
0
0
0
0
0
0
0
0
0
0
0
0
0
0
0
0
0
0
0
0
0
0
0
0
0
0
0
0
0
0
0
0
0
0
0
0
0
