parameters:
H = 10
R = 10
a = 18
L = 50
theta = 0
x max/min = 80 20
err = 0.1
data:
-2143089888
32692
-2143089888
32692
0
0
0
0
0
0
0
0
0
0
0
0
0
0
0
0
0
0
0
0
0
0
0
0
0
0
0
0
0
0
0
0
0
0
0
0
0
0
0
0
0
0
0
0
0
0
0
0
0
0
0
0
0
0
0
0
0
0
0
0
0
0
0
0
0
0
0
0
0
0
0
0
0
0
0
0
0
0
0
0
0
0
0
0
0
0
0
0
0
0
0
0
0
0
0
0
0
0
0
0
0
0
0
0
0
0
0
0
0
4
5
5
11
13
14
30
30
44
63
78
86
90
136
144
179
194
267
271
339
392
421
486
554
622
689
686
866
941
1060
1113
1197
1280
1529
1660
1674
1816
2187
2269
2322
2570
2863
2924
3186
3433
3590
3936
4036
4424
4709
5017
5141
5585
5888
6167
6548
6919
7410
7628
8102
8411
9098
9344
9705
10195
10694
11275
11650
12225
12931
13447
14220
14518
15104
16033
16495
17169
17805
18587
19332
20282
21008
21838
22860
23774
24520
25955
26805
27952
28905
30278
31477
32486
33822
35249
36342
38005
38883
40298
41920
43108
44321
45734
47199
48466
49729
50656
52047
53478
54243
55934
56786
58391
59492
60434
61829
62899
63616
65006
65882
66679
68092
69125
69667
71228
71894
73394
73931
75375
76028
76923
77811
78833
79200
80205
81779
82832
82986
83935
84421
85294
86259
87172
87993
88430
89002
90307
91017
91439
92351
93013
93580
94744
94971
95147
96575
96637
98185
98673
98626
99473
99897
99804
100800
101452
101147
102035
103000
102801
103529
103395
104837
105392
104853
105736
106163
106179
106028
107048
106686
108049
107285
107506
107803
108203
108298
107947
108281
108608
108568
109109
109150
108959
109276
109357
109432
109137
108803
108971
109220
109109
108727
109189
108700
108880
108980
108414
108102
108693
108238
108209
107723
107683
107261
106944
107023
106953
106038
105623
105454
105070
103566
104081
103667
102964
102169
101514
101688
100458
100476
99545
99205
98670
98176
97028
96661
95861
95219
94914
93860
92515
92399
91118
89796
89060
89242
87327
87249
85852
84991
84407
83125
82073
80969
80487
79385
78244
77470
76521
75563
74385
72937
71812
70442
69152
68058
66888
65705
64145
62837
61955
60235
58900
58036
56529
55101
53784
52253
51019
49852
47995
46582
45004
43604
42183
40341
38953
37686
36450
34719
33517
32051
30846
29513
28334
27676
26341
25253
24543
23614
22633
21898
20914
20210
19338
18994
17910
17379
16791
15993
15615
14824
14349
13998
13166
12661
12185
11780
11206
10708
10373
9749
9552
8979
8498
8312
7806
7496
7128
6938
6508
6072
5920
5622
5236
5037
4713
4593
4242
4047
3777
3553
3461
3204
3043
2800
2660
2403
2371
2091
1953
1908
1700
1595
1478
1381
1219
1155
1020
989
861
781
717
662
562
521
445
378
340
290
297
223
195
157
123
115
112
77
61
51
38
24
22
23
15
18
8
10
5
6
4
2
3
1
0
1
0
0
0
0
0
0
0
0
0
0
0
0
0
0
0
0
0
0
0
0
0
0
0
0
0
0
0
0
0
0
0
0
0
0
0
0
0
0
0
0
0
0
0
0
0
0
0
0
0
0
0
0
0
0
0
0
0
0
0
0
0
0
0
0
0
0
0
0
0
0
0
0
0
0
0
0
0
0
0
0
0
0
0
0
0
0
0
0
0
0
0
