parameters:
H = 10
R = 10
a = 20
L = 50
theta = 0
x max/min = 80 20
err = 0.1
data:
-2143089888
32692
-2143089888
32692
0
0
0
0
0
0
0
0
0
0
0
0
0
0
0
0
0
0
0
0
0
0
0
0
0
0
0
0
0
0
0
0
0
0
0
0
0
0
0
0
0
0
0
0
0
0
0
0
0
0
0
0
0
0
0
0
0
0
0
0
0
0
0
0
0
0
0
0
0
0
0
0
0
0
0
0
0
0
0
0
0
0
0
0
0
0
0
0
0
0
0
0
0
0
0
0
0
0
0
2
3
4
9
7
12
19
22
32
42
52
69
70
98
119
121
152
166
203
247
289
293
351
409
472
486
555
641
705
788
839
926
1030
1101
1223
1344
1320
1611
1705
1862
1958
2125
2253
2526
2725
2757
2935
3416
3498
3602
3874
4234
4341
4673
4910
5251
5557
5735
6178
6539
6778
7058
7544
7949
8310
8664
9142
9627
10027
10481
10821
11563
11820
12301
12986
13443
13993
14524
15122
15948
16413
17276
17598
18337
19259
19723
20574
21226
21915
22877
23907
24709
25540
26758
27735
28586
29995
30829
32157
33139
34643
35825
36934
38163
39786
40991
42659
43751
45083
46776
47913
49386
50829
52338
53809
55121
55951
57625
59020
59872
61619
62597
64195
65417
66555
67830
68935
69694
71147
72187
73025
74513
75577
76163
77841
78453
80130
80680
82219
82813
83817
84973
86023
86530
87624
89121
90180
90392
91477
91871
92931
93927
94965
95871
96388
97104
98417
99061
99632
100459
101186
102020
103107
103489
103608
105148
105338
106965
107647
107487
108404
108833
108833
109831
110579
110398
111189
112424
112218
112655
113048
114210
114922
114432
115365
115767
115818
115800
116864
116585
117962
117184
117507
117569
118262
118154
118021
118418
118950
118824
119368
119423
119292
119692
119647
119606
119372
119150
119286
119612
119473
118995
119461
118971
119115
119117
118555
118156
118706
118414
118039
117714
117700
117189
116713
116798
116883
115845
115314
115209
114687
113310
113640
113211
112585
111489
110833
110774
109589
109602
108709
108220
107708
107205
106016
105333
104627
104067
103752
102683
101299
100993
99775
98228
97430
97372
95694
95513
94178
93102
92485
91337
90113
88821
88328
87131
85934
85145
84180
83011
81877
80525
79061
77757
76332
75313
73919
72713
71299
69797
68914
67143
65637
64721
63042
61782
60051
58689
57402
56131
54145
52840
51171
49607
48225
46325
44722
43439
42089
40402
39039
37692
36228
34796
33606
32959
31523
30364
29509
28587
27632
26668
25755
25002
23976
23413
22416
21803
21105
20300
19788
18817
18402
17933
17111
16461
15968
15580
14797
14247
13978
13282
12948
12320
11955
11514
10952
10539
10219
9856
9289
8957
8575
8339
7908
7634
7163
6987
6613
6375
6037
5732
5563
5251
5048
4689
4477
4156
4231
3811
3651
3484
3230
3055
2916
2790
2616
2383
2200
2138
1980
1853
1690
1565
1492
1372
1287
1136
1119
991
929
825
757
676
644
557
496
441
375
348
322
281
227
222
164
143
137
113
101
80
65
46
43
45
22
29
18
20
13
13
10
8
8
6
2
3
1
3
0
0
1
0
0
0
0
0
0
0
0
0
0
0
0
0
0
0
0
0
0
0
0
0
0
0
0
0
0
0
0
0
0
0
0
0
0
0
0
0
0
0
0
0
0
0
0
0
0
0
0
0
0
0
0
0
0
0
0
0
0
0
0
0
0
0
0
0
0
0
0
0
0
0
0
0
0
0
0
