parameters:
H = 10
R = 10
a = 2
L = 50
theta = 0
x max/min = 80 20
err = 0.1
data:
-2143089888
32692
-2143089888
32692
0
0
0
0
0
0
0
0
0
0
0
0
0
0
0
0
0
0
0
0
0
0
0
0
0
0
0
0
0
0
0
0
0
0
0
0
0
0
0
0
0
0
0
0
0
0
0
0
0
0
0
0
0
0
0
0
0
0
0
0
0
0
0
0
0
0
0
0
0
0
0
0
0
0
0
0
0
0
0
0
0
0
0
0
0
0
0
0
0
0
0
0
0
0
0
0
0
0
0
0
0
0
0
0
0
0
0
0
0
0
0
0
0
0
0
0
0
0
0
0
0
0
0
0
0
0
0
0
0
0
0
0
0
0
0
0
0
0
0
0
0
0
0
0
0
0
0
0
0
0
0
0
0
0
0
0
0
0
0
0
0
0
0
0
0
0
0
0
0
0
0
0
0
0
0
0
0
0
0
0
0
0
0
0
0
0
1
18
37
69
126
182
287
391
521
726
940
1103
1410
1608
1944
2223
2597
2942
3214
3448
3903
4152
4567
4753
5149
5261
5654
5817
6020
6366
6576
6579
6796
6922
7149
7353
7425
7628
7778
7949
8127
8155
8394
8392
8605
8779
8846
9026
9037
9245
9329
9768
9478
9515
9779
9933
9861
10194
10162
10162
10275
10493
10557
10537
10536
10731
10893
10885
10797
10918
11163
11162
11184
11251
11317
11282
11426
11516
11513
11584
11753
11975
11792
12057
12070
11874
12159
11976
12124
12078
12223
12129
12152
12247
12233
12509
12473
12442
12350
12673
12521
12612
12593
12498
12611
12485
12570
12652
12866
12709
12725
12777
12866
12848
12999
12935
12980
12955
13057
12829
12747
12752
12936
12778
12792
12672
12630
12842
12723
12696
12599
13023
12868
12800
12759
12849
12609
12367
12732
12672
12860
12722
12655
12504
12408
12581
12435
12605
12543
12253
12483
12330
12153
12136
12156
11953
12114
11947
11970
12011
11602
11650
11414
11470
11464
11273
11358
11083
11337
10921
11210
10897
10758
10638
10330
10441
10265
10427
10186
9936
9970
9995
9876
9624
9469
9381
9291
9130
8758
8711
8391
8112
8121
7923
7739
7581
7396
7161
7039
6547
6553
6028
5678
5321
4865
4559
4155
3790
3301
2951
2566
2100
1736
1432
1013
841
602
430
307
195
115
83
40
23
7
1
0
0
0
0
0
0
0
0
0
0
0
0
0
0
0
0
0
0
0
0
0
0
0
0
0
0
0
0
0
0
0
0
0
0
0
0
0
0
0
0
0
0
0
0
0
0
0
0
0
0
0
0
0
0
0
0
0
0
0
0
0
0
0
0
0
0
0
0
0
0
0
0
0
0
0
0
0
0
0
0
0
0
0
0
0
0
0
0
0
0
0
0
0
0
0
0
0
0
0
0
0
0
0
0
0
0
0
0
0
0
0
0
0
0
0
0
0
0
0
0
0
0
0
0
0
0
0
0
0
0
0
0
0
0
0
0
0
0
0
0
0
0
0
0
0
0
0
0
0
0
0
0
0
0
0
0
0
0
0
0
0
0
0
0
0
0
0
0
0
0
0
0
0
0
0
0
0
0
0
0
0
0
0
0
