parameters:
H = 10
R = 10
a = 16
L = 50
theta = 0
x max/min = 80 20
err = 0.1
data:
-2143089888
32692
-2143089888
32692
0
0
0
0
0
0
0
0
0
0
0
0
0
0
0
0
0
0
0
0
0
0
0
0
0
0
0
0
0
0
0
0
0
0
0
0
0
0
0
0
0
0
0
0
0
0
0
0
0
0
0
0
0
0
0
0
0
0
0
0
0
0
0
0
0
0
0
0
0
0
0
0
0
0
0
0
0
0
0
0
0
0
0
0
0
0
0
0
0
0
0
0
0
0
0
0
0
0
0
0
0
0
0
0
0
0
0
0
0
0
0
0
0
0
0
0
0
1
1
3
8
10
12
19
21
36
54
62
91
107
94
155
171
240
236
277
345
414
481
513
571
618
803
825
829
970
1223
1266
1311
1499
1676
1748
1948
2085
2250
2532
2613
2907
3127
3331
3466
3881
4120
4350
4587
4879
5284
5539
5929
6196
6740
6964
7278
7756
8256
8593
8987
9427
10104
10567
11182
11576
12083
12933
13287
13957
14505
15205
15901
16706
17516
18152
19218
20000
20693
21964
22831
23829
24695
26107
27165
28030
29378
30762
31714
33357
34156
35487
36919
38163
39338
40677
41974
43195
44528
45255
46713
47846
48561
50137
50900
52464
53337
54422
55656
56571
57409
58646
59489
60159
61487
62518
63014
64412
65007
66530
66954
68261
68905
69628
70654
71526
71930
72709
73976
75308
75267
76243
76518
77443
78023
78944
79710
80227
80616
81918
82513
83035
83755
84596
84815
85975
86149
86312
87473
87516
88965
89443
89156
89916
90443
90481
91211
91694
91584
92098
93087
93096
93518
93485
94725
94974
94660
95654
95811
95744
95624
96564
96173
97393
96654
96890
97062
97429
97573
97171
97467
97982
97822
98274
98219
97863
98358
98383
98436
98172
97874
97938
98387
98260
97830
98283
97882
98062
98092
97575
97465
98026
97342
97540
97237
97089
96930
96470
96460
96712
95717
95296
95315
94883
93735
93987
93772
93304
92489
91958
92100
90902
90909
90075
89671
89213
88916
87741
87271
86808
86134
85884
84851
83695
83595
82428
81030
80552
80788
78796
78893
77575
76700
76158
75071
73954
72939
72570
71481
70354
69695
68801
67924
66911
65373
64533
63151
61942
60990
59763
58635
57189
55968
55057
53564
52327
51550
50024
48682
47219
46109
44722
43645
41836
40620
39104
37616
36554
34759
33348
32165
30863
29336
28212
26816
25669
24471
23357
22610
21413
20417
19862
18867
18101
17483
16631
15801
15249
14852
13886
13277
12865
12140
11856
11129
10616
10350
9581
9242
8713
8351
8006
7527
7245
6702
6578
6149
5780
5604
5118
4905
4537
4414
4139
3826
3633
3420
3178
2988
2773
2643
2394
2249
2054
1917
1806
1607
1515
1341
1300
1134
1049
943
858
777
693
618
538
497
386
374
301
295
232
187
150
137
115
91
70
40
38
26
22
17
21
8
4
9
2
4
3
1
1
0
0
0
0
0
0
0
0
0
0
0
0
0
0
0
0
0
0
0
0
0
0
0
0
0
0
0
0
0
0
0
0
0
0
0
0
0
0
0
0
0
0
0
0
0
0
0
0
0
0
0
0
0
0
0
0
0
0
0
0
0
0
0
0
0
0
0
0
0
0
0
0
0
0
0
0
0
0
0
0
0
0
0
0
0
0
0
0
0
0
0
0
0
0
0
0
0
0
0
0
0
0
0
0
0
0
