parameters:
H = 10
R = 10
a = 14
L = 50
theta = 0
x max/min = 80 20
err = 0.1
data:
-2143089888
32692
-2143089888
32692
0
0
0
0
0
0
0
0
0
0
0
0
0
0
0
0
0
0
0
0
0
0
0
0
0
0
0
0
0
0
0
0
0
0
0
0
0
0
0
0
0
0
0
0
0
0
0
0
0
0
0
0
0
0
0
0
0
0
0
0
0
0
0
0
0
0
0
0
0
0
0
0
0
0
0
0
0
0
0
0
0
0
0
0
0
0
0
0
0
0
0
0
0
0
0
0
0
0
0
0
0
0
0
0
0
0
0
0
0
0
0
0
0
0
0
0
0
0
0
0
0
0
0
0
0
0
1
0
1
8
8
15
18
26
41
44
79
102
113
129
170
205
271
312
316
399
531
599
561
685
789
893
993
1112
1177
1401
1479
1620
1828
1959
2093
2330
2572
2723
2958
3182
3471
3662
4041
4161
4645
4832
5177
5481
5988
6201
6490
6923
7446
7906
8389
8670
9271
9957
10291
10819
11407
11992
12674
13323
13983
14601
15517
16299
17067
18111
19040
19787
20792
21955
22946
23689
24992
26307
27171
28670
29514
30674
32005
33230
34370
35647
36813
37909
39206
39888
41159
42200
42782
44311
45065
46417
47204
48231
49455
50177
51053
52181
52988
53389
54785
55771
56379
57323
57886
59324
59590
60790
61488
62196
63070
63995
64365
65166
66038
67300
67247
68098
68472
68956
69684
70420
71185
71587
71902
73150
73642
74174
74837
75307
75653
76686
76794
76853
77904
78101
79199
79621
79450
79983
80487
80474
81066
81413
81235
81752
82657
82553
82897
82840
83925
84008
83888
84526
84876
84579
84927
85388
84961
86036
85422
85615
85919
86341
86360
85881
86075
86642
86469
86835
86922
86534
86988
87021
86983
86635
86594
86553
86985
86888
86392
86863
86423
86727
86794
86347
86098
86751
86147
86452
86150
86023
85822
85562
85392
85659
84910
84520
84769
84188
83307
83700
83277
83029
82430
81782
82002
81045
80913
80130
79850
79488
79212
78303
77624
77503
76685
76435
75582
74534
74494
73408
72266
71622
71969
70287
70378
68995
68304
67926
66890
65596
64912
64431
63683
62381
61850
61090
60213
59331
57886
57334
55879
54755
53813
52780
51615
50249
49154
48347
46927
45864
44959
43589
42433
40970
40119
38632
37587
36164
34802
33465
32030
30895
29308
27948
26844
25761
24071
23115
21889
20864
19589
18787
17983
16938
16145
15440
14587
13950
13461
12548
11920
11345
10987
10281
9680
9255
8672
8409
7809
7361
7120
6570
6261
5874
5512
5278
4885
4576
4245
4079
3763
3437
3376
3023
2806
2619
2460
2301
2014
1862
1756
1637
1461
1285
1207
1082
972
882
790
692
607
543
477
392
321
295
292
210
174
128
105
93
67
42
33
22
21
12
7
4
5
4
3
1
0
0
0
0
0
0
0
0
0
0
0
0
0
0
0
0
0
0
0
0
0
0
0
0
0
0
0
0
0
0
0
0
0
0
0
0
0
0
0
0
0
0
0
0
0
0
0
0
0
0
0
0
0
0
0
0
0
0
0
0
0
0
0
0
0
0
0
0
0
0
0
0
0
0
0
0
0
0
0
0
0
0
0
0
0
0
0
0
0
0
0
0
0
0
0
0
0
0
0
0
0
0
0
0
0
0
0
0
0
0
0
0
0
0
0
0
0
0
0
0
