parameters:
H = 10
R = 10
a = 4
L = 50
theta = 0
x max/min = 80 20
err = 0.1
data:
-2143089888
32692
-2143089888
32692
0
0
0
0
0
0
0
0
0
0
0
0
0
0
0
0
0
0
0
0
0
0
0
0
0
0
0
0
0
0
0
0
0
0
0
0
0
0
0
0
0
0
0
0
0
0
0
0
0
0
0
0
0
0
0
0
0
0
0
0
0
0
0
0
0
0
0
0
0
0
0
0
0
0
0
0
0
0
0
0
0
0
0
0
0
0
0
0
0
0
0
0
0
0
0
0
0
0
0
0
0
0
0
0
0
0
0
0
0
0
0
0
0
0
0
0
0
0
0
0
0
0
0
0
0
0
0
0
0
0
0
0
0
0
0
0
0
0
0
0
0
0
0
0
0
0
0
0
0
0
0
0
0
0
0
0
0
0
0
0
0
0
0
0
0
0
0
0
0
0
0
0
0
0
0
0
0
12
16
34
77
89
144
218
289
371
424
588
717
900
1048
1203
1524
1740
2009
2384
2784
3074
3617
3982
4509
4917
5582
6146
6679
7109
7748
8205
8899
9324
10166
10404
10946
11393
11894
12388
12799
13144
13356
13893
14190
14578
14787
15136
15462
15874
16082
16284
16836
16831
17210
17516
17652
17897
18072
18431
18556
19223
18996
19167
19374
19796
19689
20166
20269
20432
20495
20806
20836
21125
21060
21341
21542
21792
21660
21969
22427
22166
22348
22404
22566
22784
22781
22968
23238
23157
23554
23796
23677
23784
24040
23828
24398
23995
24142
24087
24359
24380
24251
24246
24659
24754
24687
24904
24886
25092
24877
25228
25045
25211
25024
25171
25048
25240
25499
25538
25200
25489
25594
25672
25750
25634
25845
25852
25694
25526
25476
25641
25476
25454
25449
25407
25315
25536
25366
25599
25405
25871
25556
25641
25469
25409
25289
25047
25421
25369
25338
25237
24922
25207
24693
24999
24883
25049
24824
24305
24874
24399
24349
24029
24311
23972
24213
23702
23657
23559
23357
23116
23038
22729
22808
22357
22263
22192
22436
21739
22052
21511
21352
21236
20720
20674
20543
20466
20248
19675
19606
19682
19314
18911
18649
18318
18151
17810
17313
17148
16511
16002
15625
15391
14848
14553
14089
13704
13259
12349
12091
11283
10718
10052
9359
8658
8098
7454
6742
6127
5412
4895
4209
3686
3093
2674
2323
1898
1547
1286
1074
887
695
523
429
325
210
156
116
73
34
19
15
3
0
1
0
0
0
0
0
0
0
0
0
0
0
0
0
0
0
0
0
0
0
0
0
0
0
0
0
0
0
0
0
0
0
0
0
0
0
0
0
0
0
0
0
0
0
0
0
0
0
0
0
0
0
0
0
0
0
0
0
0
0
0
0
0
0
0
0
0
0
0
0
0
0
0
0
0
0
0
0
0
0
0
0
0
0
0
0
0
0
0
0
0
0
0
0
0
0
0
0
0
0
0
0
0
0
0
0
0
0
0
0
0
0
0
0
0
0
0
0
0
0
0
0
0
0
0
0
0
0
0
0
0
0
0
0
0
0
0
0
0
0
0
0
0
0
0
0
0
0
0
0
0
0
0
0
0
0
0
0
0
0
0
0
0
0
0
0
0
0
0
0
0
0
0
0
0
