parameters:
H = 10
R = 10
a = 8
L = 50
theta = 0
x max/min = 80 20
err = 0.1
data:
-2143089888
32692
-2143089888
32692
0
0
0
0
0
0
0
0
0
0
0
0
0
0
0
0
0
0
0
0
0
0
0
0
0
0
0
0
0
0
0
0
0
0
0
0
0
0
0
0
0
0
0
0
0
0
0
0
0
0
0
0
0
0
0
0
0
0
0
0
0
0
0
0
0
0
0
0
0
0
0
0
0
0
0
0
0
0
0
0
0
0
0
0
0
0
0
0
0
0
0
0
0
0
0
0
0
0
0
0
0
0
0
0
0
0
0
0
0
0
0
0
0
0
0
0
0
0
0
0
0
0
0
0
0
0
0
0
0
0
0
0
0
0
0
0
0
0
0
0
0
0
0
0
0
0
0
0
0
0
0
0
0
0
0
0
0
4
12
11
32
42
48
99
141
149
210
277
355
434
501
530
727
786
906
1084
1165
1246
1548
1766
1886
2037
2351
2640
2912
3175
3440
3891
4181
4617
4984
5373
5966
6345
7014
7570
8279
8872
9611
10354
11186
11683
12707
13639
14308
15206
15988
16831
17720
18621
19734
20361
21156
22041
22942
23516
24553
25123
25587
26394
27036
27967
28385
29178
29913
30374
31055
31522
32274
32461
33571
33830
34329
35120
35224
35945
36355
37167
37252
37649
38281
38841
38783
39681
39651
40419
40412
40964
41199
41457
41954
42061
42651
42913
42998
43641
44184
44100
44361
44658
44758
45237
45391
45311
46013
46252
46599
47144
46626
47350
47601
47180
47951
47793
47798
47640
48466
48431
48292
48394
48962
49322
49059
49355
49521
49347
49585
49882
49870
50177
49762
49737
50016
49947
50400
50181
50116
50501
50417
50653
50784
50667
50847
51025
50840
50881
50734
50673
50727
50657
50452
50433
50574
50678
50643
50571
50370
50755
50304
50606
50524
50423
50163
50119
50180
50419
50096
50159
49821
49720
49026
49445
49210
49262
48684
48326
48475
48135
48016
47475
47218
47211
47238
46591
46341
46477
45764
45489
45443
44717
44804
44298
43746
43443
43614
42576
42918
42110
41723
41426
40713
40191
39608
39274
38834
37974
37445
37277
36661
35811
35340
34727
33980
33199
32591
31774
30857
29729
29327
28658
27685
26996
26288
25494
24687
23483
22875
21777
20783
19842
18839
17787
16796
15839
14732
13727
12833
11998
10856
10072
9276
8380
7811
7062
6426
5940
5440
4928
4443
4097
3772
3341
2974
2694
2501
2204
1910
1755
1501
1400
1128
1018
929
739
660
540
438
408
306
240
180
155
105
60
61
18
25
6
1
3
0
0
0
0
0
0
0
0
0
0
0
0
0
0
0
0
0
0
0
0
0
0
0
0
0
0
0
0
0
0
0
0
0
0
0
0
0
0
0
0
0
0
0
0
0
0
0
0
0
0
0
0
0
0
0
0
0
0
0
0
0
0
0
0
0
0
0
0
0
0
0
0
0
0
0
0
0
0
0
0
0
0
0
0
0
0
0
0
0
0
0
0
0
0
0
0
0
0
0
0
0
0
0
0
0
0
0
0
0
0
0
0
0
0
0
0
0
0
0
0
0
0
0
0
0
0
0
0
0
0
0
0
0
0
0
0
0
0
0
0
0
0
0
0
0
0
0
0
0
0
0
0
0
0
0
0
