parameters:
H = 10
R = 10
a = 9
L = 50
theta = 0
x max/min = 80 20
err = 0.1
data:
-2143089888
32692
-2143089888
32692
0
0
0
0
0
0
0
0
0
0
0
0
0
0
0
0
0
0
0
0
0
0
0
0
0
0
0
0
0
0
0
0
0
0
0
0
0
0
0
0
0
0
0
0
0
0
0
0
0
0
0
0
0
0
0
0
0
0
0
0
0
0
0
0
0
0
0
0
0
0
0
0
0
0
0
0
0
0
0
0
0
0
0
0
0
0
0
0
0
0
0
0
0
0
0
0
0
0
0
0
0
0
0
0
0
0
0
0
0
0
0
0
0
0
0
0
0
0
0
0
0
0
0
0
0
0
0
0
0
0
0
0
0
0
0
0
0
0
0
0
0
0
0
0
0
0
0
0
0
0
0
1
1
10
12
25
34
47
77
109
126
171
222
314
373
420
465
575
718
777
904
990
1197
1266
1425
1679
1829
1903
2285
2493
2750
2916
3272
3601
3881
4261
4542
5055
5405
5862
6301
6705
7352
7794
8473
9202
9935
10546
11356
12174
13050
13523
14667
15612
16429
17386
18123
19014
20049
20967
22169
22928
23791
24702
25661
26216
27391
28040
28476
29451
30141
31120
31568
32404
33288
33761
34520
35036
35910
36080
37275
37676
38176
39005
39186
40120
40443
41357
41594
42113
42740
43409
43306
44209
44347
45212
45151
45839
46127
46384
46919
47096
47737
48000
48181
48821
49403
49378
49734
50104
50159
50853
50956
50759
51484
51848
52416
52773
52372
52997
53374
52995
53548
53687
53435
53506
54309
54235
54256
54268
54925
55359
55078
55385
55581
55465
55689
55921
55890
56316
55707
55879
56107
56153
56570
56300
56403
56565
56488
56921
56889
56760
56917
57215
57042
57047
56866
56753
57000
56952
56600
56761
56732
56832
56694
56660
56469
56915
56445
56747
56628
56435
56334
56250
56228
56654
56054
56131
55885
55733
55021
55376
55072
55093
54546
54205
54346
53975
53662
53176
52858
52823
52921
52115
51863
51981
51186
50933
50744
50102
50168
49376
48778
48543
48676
47431
47805
46894
46464
46101
45285
44567
44076
43600
43083
42234
41686
41340
40692
39909
39177
38642
37683
36791
36158
35242
34275
33040
32626
31892
30889
30104
29350
28409
27579
26206
25616
24488
23514
22410
21349
20217
19143
18164
16961
15874
14934
14064
12871
11960
11173
10192
9470
8722
8080
7471
6963
6359
5812
5405
5048
4498
4102
3807
3542
3178
2809
2613
2357
2181
1868
1701
1555
1329
1198
1021
901
810
683
590
463
438
346
268
243
152
144
96
64
55
16
20
11
3
3
0
0
0
0
0
0
0
0
0
0
0
0
0
0
0
0
0
0
0
0
0
0
0
0
0
0
0
0
0
0
0
0
0
0
0
0
0
0
0
0
0
0
0
0
0
0
0
0
0
0
0
0
0
0
0
0
0
0
0
0
0
0
0
0
0
0
0
0
0
0
0
0
0
0
0
0
0
0
0
0
0
0
0
0
0
0
0
0
0
0
0
0
0
0
0
0
0
0
0
0
0
0
0
0
0
0
0
0
0
0
0
0
0
0
0
0
0
0
0
0
0
0
0
0
0
0
0
0
0
0
0
0
0
0
0
0
0
0
0
0
0
0
0
0
0
0
0
0
0
0
0
