parameters:
H = 10
R = 10
a = 10
L = 50
theta = 0
x max/min = 80 20
err = 0.1
data:
-2143089888
32692
-2143089888
32692
0
0
0
0
0
0
0
0
0
0
0
0
0
0
0
0
0
0
0
0
0
0
0
0
0
0
0
0
0
0
0
0
0
0
0
0
0
0
0
0
0
0
0
0
0
0
0
0
0
0
0
0
0
0
0
0
0
0
0
0
0
0
0
0
0
0
0
0
0
0
0
0
0
0
0
0
0
0
0
0
0
0
0
0
0
0
0
0
0
0
0
0
0
0
0
0
0
0
0
0
0
0
0
0
0
0
0
0
0
0
0
0
0
0
0
0
0
0
0
0
0
0
0
0
0
0
0
0
0
0
0
0
0
0
0
0
0
0
0
0
0
0
0
0
0
0
1
1
7
11
22
30
35
63
82
113
146
181
240
316
349
417
504
606
688
761
846
995
1162
1267
1383
1531
1783
1931
2120
2374
2564
2763
3148
3368
3671
3880
4244
4749
5066
5421
5742
6282
6692
7170
7683
8148
8842
9369
10082
10838
11656
12295
13232
14000
14911
15525
16633
17665
18508
19570
20308
21294
22441
23443
24582
25471
26369
27349
28355
28985
30145
30925
31411
32389
33178
34228
34798
35549
36627
37153
37901
38514
39436
39598
40851
41451
41931
42851
43073
44170
44488
45478
45801
46193
47105
47731
47724
48616
48917
49940
49840
50469
50893
51182
51800
52077
52699
52940
53211
53888
54610
54619
55026
55347
55476
56300
56472
56246
57016
57332
58023
58318
58068
58535
59072
58616
59197
59330
59223
59328
60106
60082
60217
60095
60792
61133
61022
61338
61719
61441
61673
61893
61888
62407
61699
61928
62202
62440
62770
62379
62383
62643
62577
63134
62912
62823
63007
63376
63036
63139
62977
62975
63073
63037
62683
62978
62748
62973
62869
62791
62503
63022
62509
62880
62720
62391
62415
62203
62273
62577
62064
61947
61812
61725
60838
61256
60988
60988
60321
59911
60065
59583
59320
58747
58554
58428
58484
57701
57288
57264
56591
56304
55887
55343
55266
54392
53596
53362
53536
52203
52501
51541
51027
50723
49757
49007
48243
47911
47235
46322
45794
45331
44666
43936
43019
42450
41382
40417
39723
38742
37622
36541
35804
35172
34017
33213
32411
31369
30535
29020
28335
27213
26259
25079
23968
22699
21626
20550
19271
18109
17090
16258
14904
14046
13085
12116
11292
10529
9832
9160
8578
7908
7356
6868
6504
5847
5381
5092
4707
4328
3877
3634
3305
3130
2764
2529
2383
2081
1915
1676
1517
1399
1208
1093
925
858
718
616
560
413
393
333
242
234
163
121
93
73
43
26
16
11
6
5
0
0
0
0
0
0
0
0
0
0
0
0
0
0
0
0
0
0
0
0
0
0
0
0
0
0
0
0
0
0
0
0
0
0
0
0
0
0
0
0
0
0
0
0
0
0
0
0
0
0
0
0
0
0
0
0
0
0
0
0
0
0
0
0
0
0
0
0
0
0
0
0
0
0
0
0
0
0
0
0
0
0
0
0
0
0
0
0
0
0
0
0
0
0
0
0
0
0
0
0
0
0
0
0
0
0
0
0
0
0
0
0
0
0
0
0
0
0
0
0
0
0
0
0
0
0
0
0
0
0
0
0
0
0
0
0
0
0
0
0
0
0
0
0
0
0
