parameters:
H = 10
R = 10
a = 3
L = 50
theta = 0
x max/min = 80 20
err = 0.1
data:
-2143089888
32692
-2143089888
32692
0
0
0
0
0
0
0
0
0
0
0
0
0
0
0
0
0
0
0
0
0
0
0
0
0
0
0
0
0
0
0
0
0
0
0
0
0
0
0
0
0
0
0
0
0
0
0
0
0
0
0
0
0
0
0
0
0
0
0
0
0
0
0
0
0
0
0
0
0
0
0
0
0
0
0
0
0
0
0
0
0
0
0
0
0
0
0
0
0
0
0
0
0
0
0
0
0
0
0
0
0
0
0
0
0
0
0
0
0
0
0
0
0
0
0
0
0
0
0
0
0
0
0
0
0
0
0
0
0
0
0
0
0
0
0
0
0
0
0
0
0
0
0
0
0
0
0
0
0
0
0
0
0
0
0
0
0
0
0
0
0
0
0
0
0
0
0
0
0
0
0
0
0
0
0
0
0
0
0
0
0
0
13
22
56
86
122
207
261
375
479
575
762
988
1199
1459
1764
1958
2452
2749
3143
3497
3996
4495
4849
5270
5824
6209
6765
6977
7687
7899
8339
8658
9016
9423
9745
9937
10170
10463
10728
10891
11122
11386
11649
11950
12118
12185
12644
12591
12959
13250
13266
13418
13575
13890
13870
14541
14303
14440
14588
14887
14764
15073
15211
15333
15434
15702
15735
15814
15769
16043
16232
16382
16212
16414
16847
16704
16704
16858
16936
17071
17036
17268
17351
17377
17681
17957
17824
17853
17993
17900
18278
17988
18258
18066
18270
18182
18258
18205
18447
18667
18592
18674
18624
18996
18686
18873
18813
18878
18848
18807
18809
18947
19240
19018
19071
19079
19280
19339
19478
19249
19424
19450
19404
19199
19058
19232
19241
19112
19209
18939
18931
19167
19116
19203
19019
19407
19193
19182
19143
19178
18978
18791
19034
18951
19100
19103
18731
18870
18532
18920
18665
18851
18690
18273
18645
18451
18233
18083
18294
17930
18176
17882
17925
17740
17540
17457
17266
17095
17064
16850
16777
16693
16913
16316
16671
16286
16132
15945
15496
15591
15412
15420
15209
14801
14890
14981
14673
14355
14096
13877
13700
13505
13133
13010
12537
12142
11970
11783
11414
11169
10835
10471
10234
9635
9383
8684
8192
7712
7122
6599
6104
5609
4961
4483
3907
3414
2898
2472
1991
1652
1334
1048
803
646
457
367
214
169
108
69
35
18
11
0
1
0
0
0
0
0
0
0
0
0
0
0
0
0
0
0
0
0
0
0
0
0
0
0
0
0
0
0
0
0
0
0
0
0
0
0
0
0
0
0
0
0
0
0
0
0
0
0
0
0
0
0
0
0
0
0
0
0
0
0
0
0
0
0
0
0
0
0
0
0
0
0
0
0
0
0
0
0
0
0
0
0
0
0
0
0
0
0
0
0
0
0
0
0
0
0
0
0
0
0
0
0
0
0
0
0
0
0
0
0
0
0
0
0
0
0
0
0
0
0
0
0
0
0
0
0
0
0
0
0
0
0
0
0
0
0
0
0
0
0
0
0
0
0
0
0
0
0
0
0
0
0
0
0
0
0
0
0
0
0
0
0
0
0
0
0
0
0
0
0
0
0
0
0
0
0
0
0
0
0
