parameters:
H = 10
R = 10
a = 6
L = 50
theta = 0
x max/min = 80 20
err = 0.1
data:
-2143089888
32692
-2143089888
32692
0
0
0
0
0
0
0
0
0
0
0
0
0
0
0
0
0
0
0
0
0
0
0
0
0
0
0
0
0
0
0
0
0
0
0
0
0
0
0
0
0
0
0
0
0
0
0
0
0
0
0
0
0
0
0
0
0
0
0
0
0
0
0
0
0
0
0
0
0
0
0
0
0
0
0
0
0
0
0
0
0
0
0
0
0
0
0
0
0
0
0
0
0
0
0
0
0
0
0
0
0
0
0
0
0
0
0
0
0
0
0
0
0
0
0
0
0
0
0
0
0
0
0
0
0
0
0
0
0
0
0
0
0
0
0
0
0
0
0
0
0
0
0
0
0
0
0
0
0
0
0
0
0
0
0
0
0
0
0
0
0
0
0
0
0
0
0
7
13
22
44
53
109
134
180
259
294
387
473
608
705
748
973
1099
1323
1453
1570
1919
2133
2457
2691
3069
3427
3763
4261
4730
5309
5721
6350
6992
7701
8107
8935
9807
10361
11110
11834
12360
13244
13882
14949
15334
16084
16712
17490
17982
18801
19293
19581
20196
20733
21375
21850
22477
22804
23339
23930
24259
24904
24926
25609
25917
26255
26711
26780
27289
27721
28297
28341
28504
28971
29475
29372
30083
30098
30458
30584
31022
31105
31389
31633
31957
32194
32449
32521
32812
33418
33245
33423
33616
33700
33991
34252
34212
34793
34732
35201
35565
35235
35534
35879
35648
36404
36056
35969
35952
36510
36388
36287
36511
36985
37061
36798
37258
37269
37169
37303
37633
37447
37762
37558
37555
37687
37616
38057
37938
37762
38057
38071
38134
38385
38206
38293
38572
38345
38264
38156
38220
38240
38039
38081
38011
37954
38277
37998
38256
38064
38432
38018
38266
38113
38021
37755
37592
37887
38027
37831
37754
37360
37550
36958
37225
37089
37238
36910
36487
36808
36453
36358
35921
35876
35647
35811
35235
35249
35127
34715
34416
34348
33866
33864
33537
33171
33030
33083
32248
32745
32048
31755
31594
30989
30736
30290
30250
29821
29245
28695
28835
28184
27623
27263
26919
26383
25805
25255
24644
23851
23012
22566
22105
21411
20857
20239
19674
19042
17959
17547
16471
15577
14838
13977
13075
12262
11429
10571
9679
8943
8111
7337
6613
5905
5192
4797
4086
3675
3283
2940
2572
2183
1936
1651
1436
1261
1046
896
789
608
535
370
367
237
170
143
85
76
42
17
10
4
1
1
0
0
0
0
0
0
0
0
0
0
0
0
0
0
0
0
0
0
0
0
0
0
0
0
0
0
0
0
0
0
0
0
0
0
0
0
0
0
0
0
0
0
0
0
0
0
0
0
0
0
0
0
0
0
0
0
0
0
0
0
0
0
0
0
0
0
0
0
0
0
0
0
0
0
0
0
0
0
0
0
0
0
0
0
0
0
0
0
0
0
0
0
0
0
0
0
0
0
0
0
0
0
0
0
0
0
0
0
0
0
0
0
0
0
0
0
0
0
0
0
0
0
0
0
0
0
0
0
0
0
0
0
0
0
0
0
0
0
0
0
0
0
0
0
0
0
0
0
0
0
0
0
0
0
0
0
0
0
0
0
0
0
0
0
0
