parameters:
H = 10
R = 10
a = 13
L = 50
theta = 0
x max/min = 80 20
err = 0.1
data:
-2143089888
32692
-2143089888
32692
0
0
0
0
0
0
0
0
0
0
0
0
0
0
0
0
0
0
0
0
0
0
0
0
0
0
0
0
0
0
0
0
0
0
0
0
0
0
0
0
0
0
0
0
0
0
0
0
0
0
0
0
0
0
0
0
0
0
0
0
0
0
0
0
0
0
0
0
0
0
0
0
0
0
0
0
0
0
0
0
0
0
0
0
0
0
0
0
0
0
0
0
0
0
0
0
0
0
0
0
0
0
0
0
0
0
0
0
0
0
0
0
0
0
0
0
0
0
0
0
0
0
0
0
0
0
0
0
0
0
0
1
1
1
10
7
18
25
34
44
61
92
117
136
150
203
267
320
330
415
513
574
631
729
753
955
1020
1125
1295
1446
1514
1677
1913
2084
2236
2404
2641
2834
3191
3318
3724
3896
4143
4474
4916
5130
5373
5757
6245
6705
7083
7339
7901
8498
8870
9380
9882
10476
11092
11671
12353
12919
13731
14522
15192
16211
17149
17887
18865
19928
20899
21600
22829
24072
24999
26324
27189
28298
29613
30803
31877
32993
34191
35358
36580
37166
38447
39323
39965
41300
42089
43379
44118
45155
46310
46999
47689
48817
49701
50042
51424
52295
52838
53811
54270
55655
55920
56991
57717
58293
59184
60129
60288
61214
61981
63075
63015
63878
64359
64663
65450
66019
66761
67182
67376
68406
69140
69550
70188
70474
70794
71858
71931
71978
72923
73060
74123
74546
74257
74767
75336
75190
75820
76048
75976
76264
77126
77144
77262
77224
78419
78472
78311
78778
79114
78925
79225
79691
79283
80302
79552
79774
80170
80563
80626
80121
80287
80795
80546
81085
81002
80746
81050
81297
81086
80819
80899
80573
81092
81045
80588
81003
80598
81001
80926
80663
80341
80894
80452
80708
80412
80152
80071
79852
79690
80050
79360
78954
79159
78761
77938
78301
77944
77738
76970
76561
76667
75953
75796
75024
74772
74404
74188
73399
72716
72663
71876
71475
70779
69849
69847
68843
67735
67157
67506
65848
65987
64749
64009
63730
62700
61515
60829
60357
59674
58451
57877
57188
56301
55482
54241
53670
52279
51146
50270
49286
48011
46870
45702
45049
43675
42669
41785
40493
39421
37981
37077
35667
34667
33183
32001
30689
29355
28191
26741
25417
24288
23208
21634
20654
19599
18592
17437
16525
15759
14874
14087
13399
12592
11946
11564
10703
10139
9589
9209
8596
8061
7601
7230
6847
6341
5937
5769
5240
4964
4586
4230
4068
3759
3468
3214
3080
2804
2499
2494
2121
1979
1818
1705
1574
1340
1186
1136
1032
897
812
717
627
542
459
379
347
289
292
213
164
112
96
91
56
35
29
20
11
5
7
4
6
1
0
0
0
0
0
0
0
0
0
0
0
0
0
0
0
0
0
0
0
0
0
0
0
0
0
0
0
0
0
0
0
0
0
0
0
0
0
0
0
0
0
0
0
0
0
0
0
0
0
0
0
0
0
0
0
0
0
0
0
0
0
0
0
0
0
0
0
0
0
0
0
0
0
0
0
0
0
0
0
0
0
0
0
0
0
0
0
0
0
0
0
0
0
0
0
0
0
0
0
0
0
0
0
0
0
0
0
0
0
0
0
0
0
0
0
0
0
0
0
0
0
0
0
0
0
0
0
