parameters:
H = 10
R = 10
a = 1
L = 50
theta = 0
x max/min = 80 20
err = 0.1
data:
0
0
0
0
0
0
0
0
0
0
0
0
0
0
0
0
0
0
0
0
0
0
0
0
0
0
0
0
0
0
0
0
0
0
0
0
0
0
0
0
0
0
0
0
0
0
0
0
0
0
0
0
0
0
0
0
0
0
0
0
0
0
0
0
0
0
0
0
0
0
0
0
0
0
0
0
0
0
0
0
0
0
0
0
0
0
0
0
0
0
0
0
0
0
0
0
0
0
0
0
0
0
0
0
0
0
0
0
0
0
0
0
0
0
0
0
0
0
0
0
0
0
0
0
0
0
0
0
0
0
0
0
0
0
0
0
0
0
0
0
0
0
0
0
0
0
0
0
0
0
0
0
0
0
0
0
0
0
0
0
0
0
0
0
0
0
0
0
0
0
0
0
0
0
0
0
0
0
0
0
0
0
0
0
0
0
0
0
0
0
0
0
0
0
0
4
32
63
127
233
326
438
596
700
878
1061
1273
1454
1608
1741
1961
2094
2292
2404
2614
2641
2760
2876
3017
3207
3271
3257
3403
3499
3596
3686
3659
3816
3869
3936
4139
4092
4212
4121
4324
4456
4363
4465
4472
4671
4634
4828
4840
4752
4848
4967
4956
5080
5141
5076
5152
5309
5262
5217
5269
5355
5377
5442
5496
5496
5634
5588
5530
5559
5659
5628
5723
5733
5802
5760
5922
5959
5939
6014
5970
5875
6065
5979
6076
6000
6205
6191
6077
6054
6154
6209
6288
6175
6159
6326
6356
6245
6330
6245
6430
6162
6292
6375
6390
6260
6360
6420
6537
6397
6586
6464
6476
6485
6474
6424
6390
6360
6522
6396
6505
6377
6283
6418
6386
6278
6354
6573
6383
6335
6389
6394
6299
6261
6415
6295
6399
6436
6331
6254
6159
6305
6229
6313
6338
6152
6216
6202
6063
6114
6144
5918
6130
5956
5970
5921
5778
5846
5816
5738
5714
5683
5710
5538
5732
5431
5604
5458
5474
5295
5294
5104
5192
5337
5059
4992
4962
5036
4935
4886
4785
4686
4666
4521
4477
4379
4259
4093
4099
3969
3906
3802
3717
3641
3647
3327
3337
3129
2944
2784
2565
2392
2209
1969
1689
1516
1252
943
763
570
357
275
171
108
60
38
10
3
0
0
0
0
0
0
0
0
0
0
0
0
0
0
0
0
0
0
0
0
0
0
0
0
0
0
0
0
0
0
0
0
0
0
0
0
0
0
0
0
0
0
0
0
0
0
0
0
0
0
0
0
0
0
0
0
0
0
0
0
0
0
0
0
0
0
0
0
0
0
0
0
0
0
0
0
0
0
0
0
0
0
0
0
0
0
0
0
0
0
0
0
0
0
0
0
0
0
0
0
0
0
0
0
0
0
0
0
0
0
0
0
0
0
0
0
0
0
0
0
0
0
0
0
0
0
0
0
0
0
0
0
0
0
0
0
0
0
0
0
0
0
0
0
0
0
0
0
0
0
0
0
0
0
0
0
0
0
0
0
0
0
0
0
0
0
0
0
0
0
0
0
0
0
0
0
0
0
0
0
0
0
0
0
0
0
0
0
