parameters:
H = 10
R = 10
a = 11
L = 50
theta = 0
x max/min = 80 20
err = 0.1
data:
-2143089888
32692
-2143089888
32692
0
0
0
0
0
0
0
0
0
0
0
0
0
0
0
0
0
0
0
0
0
0
0
0
0
0
0
0
0
0
0
0
0
0
0
0
0
0
0
0
0
0
0
0
0
0
0
0
0
0
0
0
0
0
0
0
0
0
0
0
0
0
0
0
0
0
0
0
0
0
0
0
0
0
0
0
0
0
0
0
0
0
0
0
0
0
0
0
0
0
0
0
0
0
0
0
0
0
0
0
0
0
0
0
0
0
0
0
0
0
0
0
0
0
0
0
0
0
0
0
0
0
0
0
0
0
0
0
0
0
0
0
0
0
0
0
0
0
0
0
0
1
1
4
12
17
21
40
42
66
105
122
145
206
226
322
340
428
512
610
657
716
871
1005
1080
1208
1383
1488
1717
1842
2050
2198
2475
2661
2971
3226
3395
3690
4092
4365
4726
4995
5387
5929
6230
6656
7029
7624
8026
8608
9160
9711
10373
11031
11747
12564
13488
14142
15029
15911
16822
17526
18703
19757
20628
21744
22599
23709
24771
25900
26991
27958
28990
30007
31112
31690
32870
33782
34302
35371
36225
37275
37924
38753
39920
40403
41180
41936
42924
43148
44413
45140
45636
46656
46941
47995
48368
49346
49935
50359
51174
51963
52052
52889
53437
54474
54289
55073
55527
55643
56525
56937
57601
57833
58187
58808
59569
59728
60249
60532
60761
61559
61817
61654
62425
62765
63365
63869
63555
64031
64720
64194
64799
65057
64872
65050
65818
65833
65900
65908
66827
67033
66818
67280
67514
67310
67604
67869
67709
68461
67740
67941
68371
68509
68894
68337
68447
68844
68563
69113
68895
68849
69126
69464
69151
69029
68986
68945
69165
69109
68817
68951
68827
69049
68913
68848
68547
69093
68583
68855
68751
68310
68318
68167
68130
68440
68006
67724
67782
67504
66523
67082
66752
66660
66013
65608
65657
65153
64925
64386
64099
63823
63932
63135
62590
62539
61797
61445
60993
60259
60230
59429
58383
57989
58171
56896
57112
55911
55554
55136
54174
53252
52490
52169
51356
50429
49901
49283
48551
47739
46768
46185
45023
44073
43347
42250
41055
39934
39095
38476
37211
36333
35478
34394
33415
31951
31119
30038
28986
27724
26542
25340
24168
23074
21666
20493
19311
18575
17024
16203
15130
14122
13245
12449
11663
10893
10352
9640
9017
8429
8072
7354
6830
6457
6083
5616
5145
4840
4452
4222
3779
3504
3286
3026
2767
2531
2268
2164
1931
1709
1560
1430
1241
1088
1075
854
760
692
559
508
411
369
302
274
218
158
111
96
76
45
26
23
8
6
9
3
0
0
0
0
0
0
0
0
0
0
0
0
0
0
0
0
0
0
0
0
0
0
0
0
0
0
0
0
0
0
0
0
0
0
0
0
0
0
0
0
0
0
0
0
0
0
0
0
0
0
0
0
0
0
0
0
0
0
0
0
0
0
0
0
0
0
0
0
0
0
0
0
0
0
0
0
0
0
0
0
0
0
0
0
0
0
0
0
0
0
0
0
0
0
0
0
0
0
0
0
0
0
0
0
0
0
0
0
0
0
0
0
0
0
0
0
0
0
0
0
0
0
0
0
0
0
0
0
0
0
0
0
0
0
0
0
0
0
0
0
