parameters:
H = 10
R = 10
a = 15
L = 50
theta = 0
x max/min = 80 20
err = 0.1
data:
-2143089888
32692
-2143089888
32692
0
0
0
0
0
0
0
0
0
0
0
0
0
0
0
0
0
0
0
0
0
0
0
0
0
0
0
0
0
0
0
0
0
0
0
0
0
0
0
0
0
0
0
0
0
0
0
0
0
0
0
0
0
0
0
0
0
0
0
0
0
0
0
0
0
0
0
0
0
0
0
0
0
0
0
0
0
0
0
0
0
0
0
0
0
0
0
0
0
0
0
0
0
0
0
0
0
0
0
0
0
0
0
0
0
0
0
0
0
0
0
0
0
0
0
0
0
0
0
0
0
1
0
1
3
12
11
13
21
31
45
60
86
101
104
129
177
227
273
282
336
388
511
572
556
639
806
881
887
1053
1216
1298
1455
1548
1676
1899
1984
2222
2424
2650
2721
3068
3305
3523
3778
3985
4334
4549
4901
5160
5722
5863
6188
6566
7066
7354
7709
8175
8743
9161
9749
10185
10664
11390
11726
12372
12967
13542
14269
15012
15717
16382
17335
18178
18869
19992
20900
21782
22789
24046
24992
25820
27141
28556
29454
31003
31815
33057
34494
35684
36851
38117
39445
40574
41844
42547
43884
45062
45740
47216
48047
49379
50292
51323
52599
53355
54259
55427
56272
56768
58129
59213
59742
60835
61488
62892
63307
64610
65227
65917
66948
67784
68246
68994
70037
71286
71364
72171
72493
73283
73842
74770
75545
75884
76337
77592
78107
78682
79347
80016
80282
81453
81494
81644
82769
82802
84270
84607
84348
85002
85515
85622
86168
86635
86447
87025
87973
87867
88328
88241
89410
89511
89365
90228
90405
90282
90266
91019
90650
91763
91029
91358
91620
91887
92053
91579
91812
92352
92263
92568
92686
92199
92696
92729
92777
92477
92265
92308
92764
92678
92164
92630
92171
92457
92374
91992
91898
92439
91768
92103
91765
91624
91509
91044
90979
91232
90404
89930
90081
89702
88628
88912
88534
88238
87548
86923
87069
85964
86011
85093
84854
84434
84117
83088
82463
82194
81454
81250
80241
79161
79055
78015
76613
76207
76294
74565
74724
73242
72620
72050
70900
69778
68962
68500
67616
66389
65782
64942
64093
63076
61700
60931
59492
58321
57380
56271
55115
53758
52543
51718
50199
49154
48149
46822
45563
44011
43121
41635
40601
38867
37689
36287
34817
33752
32068
30603
29478
28235
26621
25631
24257
23275
21963
21019
20264
19161
18250
17559
16713
15984
15427
14480
13843
13218
12907
12062
11445
11023
10318
10093
9352
8914
8677
8002
7672
7247
6848
6588
6174
5859
5431
5254
4880
4529
4406
3990
3826
3486
3354
3184
2861
2693
2516
2318
2164
1971
1833
1674
1542
1395
1272
1194
1031
979
856
797
681
592
547
466
413
332
305
270
248
163
144
120
97
83
49
35
37
19
20
15
5
6
5
5
3
1
1
0
0
0
0
0
0
0
0
0
0
0
0
0
0
0
0
0
0
0
0
0
0
0
0
0
0
0
0
0
0
0
0
0
0
0
0
0
0
0
0
0
0
0
0
0
0
0
0
0
0
0
0
0
0
0
0
0
0
0
0
0
0
0
0
0
0
0
0
0
0
0
0
0
0
0
0
0
0
0
0
0
0
0
0
0
0
0
0
0
0
0
0
0
0
0
0
0
0
0
0
0
0
0
0
0
0
0
0
0
0
0
0
0
