parameters:
H = 10
R = 10
a = 12
L = 50
theta = 0
x max/min = 80 20
err = 0.1
data:
-2143089888
32692
-2143089888
32692
0
0
0
0
0
0
0
0
0
0
0
0
0
0
0
0
0
0
0
0
0
0
0
0
0
0
0
0
0
0
0
0
0
0
0
0
0
0
0
0
0
0
0
0
0
0
0
0
0
0
0
0
0
0
0
0
0
0
0
0
0
0
0
0
0
0
0
0
0
0
0
0
0
0
0
0
0
0
0
0
0
0
0
0
0
0
0
0
0
0
0
0
0
0
0
0
0
0
0
0
0
0
0
0
0
0
0
0
0
0
0
0
0
0
0
0
0
0
0
0
0
0
0
0
0
0
0
0
0
0
0
0
0
0
0
0
1
1
2
11
12
21
29
40
53
80
107
143
142
194
266
302
358
428
475
609
640
721
840
991
1025
1147
1339
1521
1604
1758
1977
2100
2379
2514
2836
3014
3242
3527
3946
4150
4348
4670
5109
5467
5851
6180
6644
7165
7512
7924
8409
8975
9605
10075
10738
11270
12044
12753
13451
14351
15304
16001
16932
17837
18858
19555
20769
21925
22790
24057
24816
26030
27150
28355
29468
30444
31626
32582
33923
34421
35657
36541
37170
38410
39162
40262
40983
41917
43174
43764
44469
45381
46284
46665
47969
48722
49282
50256
50612
51915
52179
53141
53902
54383
55275
56032
56223
57093
57754
58876
58671
59514
59989
60218
61096
61601
62153
62596
62831
63776
64472
64629
65250
65606
65885
66803
66911
66952
67676
68026
68839
69242
68943
69454
70115
69790
70307
70613
70487
70650
71550
71554
71614
71628
72655
72775
72624
73059
73328
73144
73445
73824
73503
74470
73640
73888
74359
74578
74846
74240
74466
74851
74595
75098
75052
74837
75034
75411
75084
74969
74987
74860
75180
75018
74776
75032
74749
75038
75058
74747
74475
75115
74504
74829
74559
74347
74168
74058
73898
74244
73801
73391
73538
73200
72308
72752
72372
72261
71506
71217
71245
70619
70407
69820
69517
69221
69126
68339
67633
67698
66937
66470
65992
65037
65092
64234
63123
62649
62850
61396
61481
60353
59797
59555
58484
57385
56734
56287
55482
54479
53864
53276
52467
51629
50550
49915
48588
47580
46833
45721
44561
43442
42398
41791
40412
39440
38670
37417
36441
34906
34014
32787
31845
30379
29273
28012
26727
25580
24117
22940
21741
20881
19313
18417
17318
16274
15323
14455
13635
12726
12201
11438
10775
10169
9747
8971
8424
7962
7564
7072
6510
6184
5766
5502
4997
4643
4430
4036
3773
3482
3170
3041
2788
2512
2339
2198
1925
1739
1700
1408
1295
1157
1056
973
839
721
647
567
478
379
360
311
266
210
158
110
94
79
53
33
27
11
6
7
7
3
1
0
0
0
0
0
0
0
0
0
0
0
0
0
0
0
0
0
0
0
0
0
0
0
0
0
0
0
0
0
0
0
0
0
0
0
0
0
0
0
0
0
0
0
0
0
0
0
0
0
0
0
0
0
0
0
0
0
0
0
0
0
0
0
0
0
0
0
0
0
0
0
0
0
0
0
0
0
0
0
0
0
0
0
0
0
0
0
0
0
0
0
0
0
0
0
0
0
0
0
0
0
0
0
0
0
0
0
0
0
0
0
0
0
0
0
0
0
0
0
0
0
0
0
0
0
0
0
0
0
0
0
0
0
