parameters:
H = 10
R = 10
a = 7
L = 50
theta = 0
x max/min = 80 20
err = 0.1
data:
-2143089888
32692
-2143089888
32692
0
0
0
0
0
0
0
0
0
0
0
0
0
0
0
0
0
0
0
0
0
0
0
0
0
0
0
0
0
0
0
0
0
0
0
0
0
0
0
0
0
0
0
0
0
0
0
0
0
0
0
0
0
0
0
0
0
0
0
0
0
0
0
0
0
0
0
0
0
0
0
0
0
0
0
0
0
0
0
0
0
0
0
0
0
0
0
0
0
0
0
0
0
0
0
0
0
0
0
0
0
0
0
0
0
0
0
0
0
0
0
0
0
0
0
0
0
0
0
0
0
0
0
0
0
0
0
0
0
0
0
0
0
0
0
0
0
0
0
0
0
0
0
0
0
0
0
0
0
0
0
0
0
0
0
0
0
0
0
0
0
0
3
16
18
42
38
77
115
150
205
237
363
408
478
611
637
785
952
1104
1236
1327
1566
1776
2049
2221
2423
2848
3115
3474
3787
4151
4629
5006
5566
6101
6773
7213
7947
8609
9420
9867
10840
11685
12284
13102
13871
14607
15447
16237
17303
17924
18585
19361
20217
20792
21688
22178
22598
23341
23878
24722
25170
25901
26364
26902
27578
27970
28648
28759
29656
29902
30363
30980
31145
31732
32062
32769
32828
33127
33719
34180
34098
34856
34929
35465
35595
36009
36202
36530
36799
37025
37415
37746
37796
38341
38804
38692
38866
39151
39314
39645
39780
39843
40459
40490
40868
41376
40937
41535
41742
41378
42205
42022
41893
41817
42535
42487
42291
42474
42967
43351
42883
43263
43376
43324
43368
43761
43694
44090
43658
43657
43932
43858
44203
43980
43876
44329
44303
44399
44649
44412
44660
44810
44514
44612
44561
44454
44606
44271
44244
44207
44260
44523
44409
44410
44308
44585
44216
44446
44418
44225
44009
43750
43960
44255
44091
44004
43686
43659
43059
43307
43219
43355
42703
42418
42656
42261
42306
41740
41498
41536
41549
40971
40788
40845
40260
40017
39947
39322
39370
38941
38417
38381
38380
37485
37992
37091
36773
36587
35971
35616
35061
34802
34448
33659
33053
33140
32508
31782
31236
30940
30204
29539
29051
28290
27418
26271
25963
25388
24548
23937
23219
22593
21909
20737
20134
19136
18140
17302
16466
15406
14504
13503
12577
11644
10892
9987
9024
8284
7519
6711
6251
5498
4964
4528
4115
3669
3245
2915
2634
2324
2048
1743
1596
1397
1144
1078
846
796
599
511
462
323
292
213
151
117
80
53
41
18
4
3
1
1
0
0
0
0
0
0
0
0
0
0
0
0
0
0
0
0
0
0
0
0
0
0
0
0
0
0
0
0
0
0
0
0
0
0
0
0
0
0
0
0
0
0
0
0
0
0
0
0
0
0
0
0
0
0
0
0
0
0
0
0
0
0
0
0
0
0
0
0
0
0
0
0
0
0
0
0
0
0
0
0
0
0
0
0
0
0
0
0
0
0
0
0
0
0
0
0
0
0
0
0
0
0
0
0
0
0
0
0
0
0
0
0
0
0
0
0
0
0
0
0
0
0
0
0
0
0
0
0
0
0
0
0
0
0
0
0
0
0
0
0
0
0
0
0
0
0
0
0
0
0
0
0
0
0
0
0
0
0
0
0
