#parameters:
#H = 2
#R = 2
#a = 1
#L = 10
#theta = 0
#x max/min = 15 5
#err = 0.01
#data:
0
0
0
0
0
0
0
0
0
0
0
0
0
0
0
0
0
0
0
0
0
0
0
0
0
0
0
0
0
0
0
0
0
0
0
0
0
0
0
0
0
0
0
0
0
0
0
0
0
0
0
0
0
0
0
0
0
0
0
0
0
0
0
0
0
0
0
0
0
0
0
0
0
0
0
0
0
0
0
0
0
0
0
0
0
0
0
0
0
0
0
0
0
0
0
0
0
0
0
0
0
0
0
0
0
0
0
0
0
0
0
0
0
0
0
0
0
0
0
0
0
0
0
0
0
0
0
0
0
0
0
0
0
0
0
0
0
0
0
0
0
0
0
0
0
0
0
0
0
0
0
0
0
0
0
0
0
0
0
0
0
0
0
0
0
0
0
0
0
0
0
0
0
0
0
0
0
0
0
0
0
0
0
0
0
0
0
0
0
0
0
0
0
0
0
0
0
0
0
0
0
0
0
0
0
0
0
0
0
0
0
0
0
0
0
0
0
0
0
0
0
0
0
0
0
0
0
0
0
0
0
0
0
0
0
0
0
0
0
0
0
0
0
0
0
0
0
0
0
0
9
60
171
372
623
898
1374
1753
2325
2787
3445
4154
4849
5575
6407
7193
8369
9022
10395
11107
12241
13349
14643
15573
16897
18295
19572
20747
22330
23763
25013
26149
27717
29412
30613
32327
33855
35576
37145
39309
40269
41919
43813
45190
47307
48996
51050
52511
54524
56353
57894
60019
61672
63748
65769
68127
69520
71689
73992
75281
78035
80138
81934
84104
86431
88858
89663
92939
95239
97004
99618
101465
103371
105860
108315
110285
112983
115451
117836
120262
122322
125187
126838
129819
131800
134237
136608
139979
141307
144449
146751
149500
152021
154565
156302
158493
162688
164626
166904
169130
171897
174074
177729
179127
182200
184129
186409
189529
190682
193349
195199
196646
198979
200994
202723
203931
207129
207972
210326
211526
212356
215179
215970
218288
220335
221498
222344
224524
224990
227692
228711
230390
231403
233161
234515
236621
237235
238244
239298
240879
242639
243124
244486
245346
246509
249220
249167
250824
252539
254063
253491
255141
256166
257290
258568
259896
262037
262238
262230
263376
264988
266519
266909
267682
269055
270265
270464
271363
272417
273584
274705
274194
275628
276776
277312
278949
279890
280154
281084
282585
281770
284629
285245
285328
286224
285757
287620
287770
288710
289589
290503
290980
291184
292091
293159
293591
293120
294644
295287
296247
296647
297333
297472
297658
298589
299300
300200
300427
299946
302203
302033
302707
303228
303497
304456
304991
305112
305221
306168
306509
307145
305585
307201
308317
308694
308328
308684
309683
310535
310601
310749
310756
311492
311495
311635
313512
312373
312261
313632
313144
312911
314422
314290
314176
315410
315757
315289
315401
316011
315683
314782
316237
316198
316033
316739
316713
316985
317121
317779
316530
317415
317045
316844
317088
318189
318441
318383
317978
317994
317973
317406
318391
317280
317639
317916
317513
318295
317361
318295
318319
317873
317045
317535
317271
318299
316829
315918
317177
317272
317223
317066
316626
315727
314588
315482
315833
315426
314919
313997
314126
313988
315221
312749
313523
312602
312357
312705
312859
310445
311888
311470
310073
309835
310633
309482
309727
307943
307194
308032
306546
307850
306735
306093
305007
304066
303896
303666
303787
302647
302282
301471
300401
300635
299670
300005
298829
297130
296400
295858
294823
295840
294003
292870
292770
291950
291170
290967
290202
289220
288229
286690
286896
284744
283449
282554
282918
281478
280036
278743
278183
277291
277240
275212
273899
273852
270820
270462
269669
268233
267581
265871
265505
263109
262491
262082
260210
258604
256907
255898
254133
253281
251634
249484
248509
247094
245863
243389
242458
240827
238861
237112
234706
233332
231195
228739
227048
225956
223079
220938
218290
216427
213075
210483
207547
205493
202038
199812
197072
194861
192325
188470
185539
183170
180888
176428
174132
171795
169936
166955
163738
160753
158050
155417
153204
150371
147472
144377
141177
139594
136461
134391
131664
128113
126349
123816
120469
118013
115858
113071
110955
108576
105802
103558
101094
98498
95670
93645
91070
89187
86798
83775
82052
80318
77732
75546
73277
70542
68377
66629
64051
61745
59724
58091
56349
53982
51844
49760
47684
45974
43859
41716
40143
38262
36591
34869
32851
31376
29600
27537
26212
24693
23025
21425
20115
18420
16960
15645
14224
12978
11712
10627
9202
8041
7000
6104
5149
4300
3436
2525
2011
1432
1056
823
608
340
289
228
153
95
45
27
19
7
1
0
0
0
0
0
0
0
0
0
0
0
0
0
0
0
0
0
0
0
0
0
0
0
0
0
0
0
0
0
0
0
0
0
0
0
0
0
0
0
0
0
0
0
0
0
0
0
0
0
0
0
0
0
0
0
0
0
0
0
0
0
0
0
0
0
0
0
0
0
0
0
0
0
0
0
0
0
0
0
0
0
0
0
0
0
0
0
0
0
0
0
0
0
0
0
0
0
0
0
0
0
0
0
0
0
0
0
0
0
0
0
0
0
0
0
0
0
0
0
0
0
0
0
0
0
0
0
0
0
0
0
0
0
0
0
0
0
0
0
0
0
0
0
0
0
0
0
0
0
0
0
0
0
0
0
0
0
0
0
0
0
0
0
0
0
0
0
0
0
0
0
0
0
0
0
0
0
0
0
0
0
0
0
0
0
0
0
0
0
0
0
0
0
0
0
0
0
0
0
0
0
0
0
0
0
0
0
0
0
0
0
0
0
0
0
0
0
0
0
0
0
0
0
0
0
0
0
0
0
0
0
0
0
0
0
0
